0.0
0.330517386056
0.646244566246
0.93317347389
1.17881480014
1.37284634259
1.50763570427
1.5786075997
1.58443545302
1.52704761054
1.4114496766
1.24537552747
1.03878977979
0.803273260693
0.551329807496
0.295657104582
0.0484259823494
-0.179388436987
-0.378584081135
-0.54218424486
-0.665739561407
-0.747464012892
-0.788199968525
-0.791218071611
-0.761868173308
-0.707106781187
-0.63493407336
-0.553778952317
-0.471873542145
-0.396658792744
-0.334260438593
-0.289069630695
-0.263455440785
-0.257627587462
-0.269657724432
-0.295657104582
-0.330098065413
-0.366257236245
-0.39675025787
-0.41412165192
-0.411449676605
-0.382924804903
-0.324361942351
-0.233610575771
-0.110833457607
0.0413672197799
-4.78201255348
0.411823550038
0.613828944424
0.81360541958
1.0
1.16177126161
-3.71171591183
6.37018949834
1.40004654223
1.37284634259
1.28640396219
1.14159157525
0.942395931101
0.695793734983
0.411449676605
0.101252721839
-0.22128373088
-0.541723763235
-0.845472439172
-1.11855645779
-1.34837626432
-1.52438546091
-1.63865759181
-1.68630705049
-1.66573956141
-6.57871788845
-1.43023949045
-1.22823409606
-5.98309991539
-0.707106781187
-0.413702331277
-0.116762927868
-4.82983402022
0.434595082811
0.665739561407
0.85505317494
0.996618069885
6.08736943647
-3.87285547776
-3.88144354221
1.06670418125
0.978739787683
0.8633232528
0.730001153716
0.588550323395
0.448329070652
0.317677579569
0.203405448678
0.110398284475
0.0413672197799
-0.00324429555894
-0.0251924744105
-0.0282105774963
-0.0176484559752
1.70287803145e-15
0.0176484559752
0.0282105774963
0.0251924744105
5.00324429556
-0.0413672197799
-0.110398284475
-0.203405448678
-0.317677579569
-0.448329070652
-0.588550323395
-0.730001153716
-0.8633232528
-0.978739787683
-1.06670418125
-1.11855645779
-1.12714452224
-1.08736943647
-5.99661806989
-0.85505317494
-0.665739561407
-0.434595082811
-0.170165979775
0.116762927868
-4.58629766872
0.707106781187
0.98309991539
1.22823409606
6.43023949045
1.57871788845
1.66573956141
1.68630705049
1.63865759181
1.52438546091
1.34837626432
1.11855645779
0.845472439172
0.541723763235
0.22128373088
-0.101252721839
-0.411449676605
-0.695793734983
-0.942395931101
-1.14159157525
-1.28640396219
-1.37284634259
-1.40004654223
-1.37018949834
-1.28828408817
-1.16177126161
-1.0
-0.81360541958
-0.613828944424
-0.411823550038
-0.217987446524
-0.0413672197799
0.110833457607
0.233610575771
0.324361942351
0.382924804903
0.411449676605
0.41412165192
0.39675025787
0.366257236245
0.330098065413
0.295657104582
5.26965772443
0.257627587462
0.263455440785
0.289069630695
0.334260438593
0.396658792744
0.471873542145
0.553778952317
0.63493407336
0.707106781187
0.761868173308
0.791218071611
0.788199968525
0.747464012892
0.665739561407
0.54218424486
0.378584081135
0.179388436987
-0.0484259823495
-0.295657104582
-0.551329807496
-0.803273260693
-1.03878977979
-1.24537552747
-1.4114496766
-1.52704761054
-1.58443545302
-1.5786075997
-1.50763570427
-1.37284634259
-1.17881480014
4.06682652611
-0.646244566246
-0.330517386056
4.35890266102e-14
0.330517386056
0.646244566246
0.93317347389
1.17881480014
1.37284634259
1.50763570427
1.5786075997
1.58443545302
1.52704761054
1.4114496766
1.24537552747
1.03878977979
0.803273260693
0.551329807496
0.295657104582
0.0484259823495
-0.179388436987
-0.378584081135
-0.54218424486
-0.665739561407
-0.747464012892
-0.788199968525
-0.791218071611
-0.761868173308
-0.707106781187
-0.63493407336
-5.55377895232
-0.471873542145
-0.396658792744
-0.334260438593
-0.289069630695
-0.263455440785
-5.25762758746
-0.269657724432
-0.295657104582
-0.330098065413
-0.366257236245
-0.39675025787
-0.414121651919
-0.411449676605
-0.382924804903
-0.324361942351
-0.233610575771
-0.110833457607
0.0413672197798
0.217987446523
0.411823550038
0.613828944424
0.81360541958
1.0
1.16177126161
1.28828408817
1.37018949834
1.40004654223
1.37284634259
1.28640396219
1.14159157525
0.942395931101
0.695793734984
0.411449676605
0.101252721839
-0.22128373088
-0.541723763234
-0.845472439171
-1.11855645779
-1.34837626432
-1.52438546091
-1.63865759181
-1.68630705049
-1.66573956141
3.42128211155
-1.43023949045
-6.22823409606
-0.983099915391
-5.70710678119
-0.413702331278
-0.116762927869
0.170165979775
0.434595082811
0.665739561406
0.85505317494
0.996618069885
1.08736943647
1.12714452224
1.11855645779
1.06670418125
0.978739787684
0.8633232528
0.730001153716
0.588550323396
0.448329070652
-4.68232242043
0.203405448678
0.110398284475
0.04136721978
-0.00324429555887
-5.02519247441
-0.0282105774963
-0.0176484559752
-3.21948595331e-14
0.0176484559751
0.0282105774962
0.0251924744106
0.00324429555901
-0.0413672197798
-0.110398284475
-0.203405448678
-0.317677579569
-0.448329070652
-0.588550323395
-0.730001153716
-0.8633232528
4.02126021232
-1.06670418125
-1.11855645779
-1.12714452224
-1.08736943647
-0.996618069885
-0.85505317494
-0.665739561407
-0.434595082812
-0.170165979776
0.116762927868
0.413702331276
0.707106781186
-4.01690008461
1.22823409606
1.43023949044
1.57871788845
1.66573956141
6.68630705049
1.63865759181
1.52438546091
1.34837626432
1.11855645779
0.845472439173
0.541723763235
0.221283730881
-0.101252721838
-0.411449676604
-0.695793734983
-0.942395931101
-1.14159157525
-1.28640396219
-1.37284634259
-1.40004654223
-6.37018949834
-1.28828408817
-1.16177126161
-1.0
-5.81360541958
4.38617105558
-0.411823550039
-0.217987446524
-0.0413672197805
0.110833457607
0.23361057577
0.324361942351
0.382924804903
0.411449676605
-4.58587834808
0.39675025787
0.366257236245
0.330098065413
0.295657104582
0.269657724432
0.257627587462
0.263455440785
0.289069630695
0.334260438593
0.396658792743
0.471873542145
0.553778952317
0.634934073359
5.70710678119
0.761868173308
0.791218071611
0.788199968525
0.747464012892
0.665739561407
0.54218424486
0.378584081136
0.179388436987
-0.0484259823485
-0.295657104581
-0.551329807495
-0.803273260692
-1.03878977979
-1.24537552747
-1.4114496766
-1.52704761054
-6.58443545302
-1.5786075997
-1.50763570428
-1.37284634259
-1.17881480014
4.06682652611
-0.646244566247
-0.330517386057
-1.37796106792e-12
0.330517386054
0.646244566245
0.933173473889
1.17881480014
-3.62715365741
1.50763570427
1.5786075997
1.58443545302
1.52704761054
1.41144967661
-3.75462447252
1.03878977979
0.803273260694
-4.4486701925
0.295657104583
0.0484259823505
-0.179388436986
-0.378584081134
-0.542184244859
-0.665739561406
-0.747464012891
-0.788199968525
-5.79121807161
-0.761868173308
-0.707106781187
-0.63493407336
-0.553778952318
4.52812645785
-0.396658792744
-0.334260438594
4.7109303693
-0.263455440785
-0.257627587462
-0.269657724432
-0.295657104582
-0.330098065413
-0.366257236244
-0.39675025787
-0.414121651919
-0.411449676605
-0.382924804903
-0.324361942352
-0.233610575771
-0.110833457608
0.0413672197791
0.217987446523
0.411823550037
0.613828944423
5.81360541958
0.999999999999
1.16177126161
1.28828408817
1.37018949834
1.40004654223
1.37284634259
1.28640396219
1.14159157525
0.942395931102
0.695793734985
0.411449676606
0.101252721841
-0.221283730878
-0.541723763233
-0.84547243917
-1.11855645779
-1.34837626432
3.47561453909
-1.6386575918
-1.68630705049
3.33426043859
-6.57871788845
-1.43023949045
-1.22823409606
4.01690008461
-0.707106781188
-0.413702331279
-0.11676292787
0.170165979774
0.43459508281
0.665739561405
0.855053174939
0.996618069884
1.08736943647
1.12714452224
1.11855645779
1.06670418125
0.978739787684
0.863323252801
0.730001153717
0.588550323396
5.44832907065
0.31767757957
0.203405448679
5.11039828448
0.0413672197803
-0.00324429555873
-0.0251924744105
-0.0282105774963
-0.0176484559753
-1.1760694544e-13
